set fmtx 3 -53.55 53.55 5 -53.55 53.55 5 -1e+37 1e+37 1
set fmtx 3 -53.55 53.55 5 -53.55 53.55 5 -1e+37 1e+37 1
set fmtx 4 -12.50 12.50 5 -12.50 12.50 5 -1e+37 1e+37 1
set fmtx 4 -53.55 53.55 5 -53.55 53.55 5 -1e+37 1e+37 1
set fmtx 4 -32.13 32.13 3 -32.13 32.13 3 -1e+37 1e+37 1
set fmtx 4 -182.07 182.07 17 -182.07 182.07 17 -1e+37 1e+37 1
set fmtx 4 -182.07 182.07 17 -182.07 182.07 17 -1e+37 1e+37 1
set fmtx 4 -182.07 182.07 17 -182.07 182.07 17 -1e+37 1e+37 1
set fmtx 4 -53.55 53.55 5 -53.55 53.55 5 -1.00e+37 1.00e+37 1
set fmtx 4 -182.07 182.07 17 -182.07 182.07 17 -1.00e+37 1.00e+37 1
set fmtx 4 -182.07 182.07 17 -182.07 182.07 17 -1.00e+37 1.00e+37 1
set fmtx 4 -182.07 182.07 17 -182.07 182.07 17 -1.00e+37 1.00e+37 1
set fmtx 4 -182.07 182.07 17 -182.07 182.07 17 -1.00e+37 1.00e+37 1
set fmtx 4 -182.07 182.07 17 -182.07 182.07 17 -1.00e+37 1.00e+37 1
set fmtx 4 -182.07 182.07 17 -182.07 182.07 17 -1.00e+37 1.00e+37 1
set fmtx 4 -182.07 182.07 17 -182.07 182.07 17 -1.00e+37 1.00e+37 1
set fmtx 4 -182.07 182.07 17 -182.07 182.07 17 -1.00e+37 1.00e+37 1
set fmtx 4 -182.07 182.07 17 -182.07 182.07 17 -1.00e+37 1.00e+37 1
set fmtx 4 -182.07 182.07 17 -182.07 182.07 17 -1.00e+37 1.00e+37 1
set fmtx 4 -182.07 182.07 17 -182.07 182.07 17 -1.00e+37 1.00e+37 1
set fmtx 4 -182.07 182.07 17 -182.07 182.07 17 -1.00e+37 1.00e+37 1
set fmtx 4 -182.07 182.07 17 -182.07 182.07 17 -1.00e+37 1.00e+37 1
set fmtx 4 -182.07 182.07 17 -182.07 182.07 17 -1.00e+37 1.00e+37 1
set fmtx 4 -182.07 182.07 17 -182.07 182.07 17 -1.00e+37 1.00e+37 1
set fmtx 4 -182.07 182.07 17 -182.07 182.07 17 -1.00e+37 1.00e+37 1
set fmtx 4 -182.07 182.07 17 -182.07 182.07 17 -1.00e+37 1.00e+37 1
set fmtx 4 -182.07 182.07 17 -182.07 182.07 17 -1.00e+37 1.00e+37 1
set fmtx 4 -182.07 182.07 17 -182.07 182.07 17 -1.00e+37 1.00e+37 1
set fmtx 4 -182.07 182.07 17 -182.07 182.07 17 -1.00e+37 1.00e+37 1
set fmtx 4 -182.07 182.07 17 -182.07 182.07 17 -1.00e+37 1.00e+37 1
set fmtx 4 -182.07 182.07 17 -182.07 182.07 17 -1.00e+37 1.00e+37 1
set fmtx 4 -182.07 182.07 17 -182.07 182.07 17 -1.00e+37 1.00e+37 1
set fmtx 4 -182.07 182.07 17 -182.07 182.07 17 -1.00e+37 1.00e+37 1
set fmtx 4 -182.07 182.07 17 -182.07 182.07 17 -1.00e+37 1.00e+37 1
set fmtx 4 -182.07 182.07 17 -182.07 182.07 17 -1.00e+37 1.00e+37 1
set fmtx 4 -182.07 182.07 17 -182.07 182.07 17 -1.00e+37 1.00e+37 1
set fmtx 4 -182.07 182.07 17 -182.07 182.07 17 -1.00e+37 1.00e+37 1
set fmtx 4 -182.07 182.07 17 -182.07 182.07 17 -1.00e+37 1.00e+37 1
set fmtx 4 -182.07 182.07 17 -182.07 182.07 17 -1.00e+37 1.00e+37 1
set fmtx 4 -182.07 182.07 17 -182.07 182.07 17 -1.00e+37 1.00e+37 1
set fmtx 4 -182.07 182.07 17 -182.07 182.07 17 -1.00e+37 1.00e+37 1
set fmtx 4 -182.07 182.07 17 -182.07 182.07 17 -1.00e+37 1.00e+37 1
set fmtx 4 -182.07 182.07 17 -182.07 182.07 17 -1.00e+37 1.00e+37 1
set fmtx 4 -182.07 182.07 17 -182.07 182.07 17 -1.00e+37 1.00e+37 1
set fmtx 4 -182.07 182.07 17 -182.07 182.07 17 -1.00e+37 1.00e+37 1
set fmtx 4 -182.07 182.07 17 -182.07 182.07 17 -1.00e+37 1.00e+37 1
